100% and 25/75% split points in all real environments
Knightsbridge
-1.0
-1.0
-1.0
-1.0
-1.0
-1.0
-1.0
-1.0
-1.0
-1.0
-1.0
-1.0
-1.0
-1.0
-1.0
-1.0
-1.0
-1.0
-1.0
-1.0
-1.0
-1.0
-1.0
-1.0
-1.0
-1.0
-1.0
-1.0
-1.0
-1.0
100.0, 0.0, 0.0, 0.0, 0.0, 0.0, NaN
-1.0
-1.0
-1.0
-1.0
-1.0
-1.0
-1.0
-1.0
-1.0
-1.0
-1.0
-1.0
-1.0
-1.0
-1.0
-1.0
-1.0
-1.0
-1.0
-1.0
-1.0
-1.0
-1.0
-1.0
-1.0
-1.0
-1.0
-1.0
-1.0
-1.0
0.0, 100.0, 0.0, 0.0, 0.0, 0.0, NaN
-1.0
-1.0
-1.0
-1.0
-1.0
-1.0
-1.0
-1.0
-1.0
-1.0
-1.0
-1.0
-1.0
-1.0
-1.0
-1.0
-1.0
-1.0
-1.0
-1.0
-1.0
-1.0
-1.0
-1.0
-1.0
-1.0
-1.0
-1.0
-1.0
-1.0
0.0, 0.0, 100.0, 0.0, 0.0, 0.0, NaN
158150.35901601074
133904.58549051604
147393.73210705043
-1.0
-1.0
-1.0
204728.50571309373
178689.48724811673
184566.16561808356
-1.0
105968.74919001704
183712.81975487169
-1.0
183341.1861779574
129815.4528663764
151050.36996333615
154097.1984961534
184913.3574450207
110846.32696915601
132762.54436531026
134147.20799774185
-1.0
192510.71808342656
144201.07652267278
188942.25208533707
-1.0
188603.96977319688
-1.0
129156.6345125645
189482.3571573215
0.0, 0.0, 0.0, 100.0, 0.0, 0.0, 159590.22984333325
14805.12154562827
14588.922112621442
14631.031976989798
-1.0
-1.0
-1.0
14387.271414978297
14121.288040152675
14858.228662467243
-1.0
14253.081253137632
14075.513669075232
-1.0
14053.569631147724
15161.819613681153
-1.0
14228.89971916452
14734.349912295027
14749.458840710024
14371.972531694837
15075.200593808766
-1.0
14562.605502476265
13889.581460946174
14723.173444583597
-1.0
14424.25027860703
-1.0
14982.262459483996
14271.237129127052
0.0, 0.0, 0.0, 0.0, 100.0, 0.0, 14521.37332346556
-1.0
-1.0
-1.0
-1.0
-1.0
-1.0
-1.0
-1.0
-1.0
-1.0
-1.0
-1.0
-1.0
-1.0
-1.0
-1.0
-1.0
-1.0
-1.0
-1.0
-1.0
-1.0
-1.0
-1.0
-1.0
-1.0
-1.0
-1.0
-1.0
-1.0
0.0, 0.0, 0.0, 0.0, 0.0, 100.0, NaN
43772.52103015269
37922.20763506535
41848.23049510948
44703.70282565346
40236.794913363745
39813.76229221072
40250.18135058337
40584.23436606643
42917.30818762984
40240.368835330555
43419.91869292035
39452.70851208994
40965.69130204169
39080.85566370006
42572.29265372967
42787.260446339445
39413.29974108042
40096.818469783786
43403.49522893635
44064.871893024625
44518.904386026734
-1.0
40986.790162839025
38871.47682443371
39557.81514263169
38864.68041988804
39658.640905688
43208.36185716429
42177.09855607431
39951.26426393425
0.0, 25.0, 0.0, 0.0, 75.0, 0.0, 41218.67438115489
Mayfair
217701.87413531917
209143.50014873847
-1.0
213313.7779659996
-1.0
220473.02227060386
258188.45810766355
224559.27889693045
-1.0
219860.26568307713
236783.0206559663
216951.5798926118
-1.0
230738.88506817346
-1.0
-1.0
218597.4263616233
217224.31973491304
227330.8131482264
-1.0
220616.05156052602
211953.08998911787
219626.47030312658
-1.0
210461.7401649178
-1.0
246807.60505461812
215302.46748774932
214833.5787124074
220435.6751787008
100.0, 0.0, 0.0, 0.0, 0.0, 0.0, 222423.94764385768
250780.24278527443
220562.8639275445
220771.00787746714
223776.05727531496
252840.48194891182
217815.2737566935
219286.93583638984
219262.8975125551
255549.26879645418
217731.116797966
221282.256819879
219098.00787746714
233215.92819605538
225744.256819879
222045.29775556352
223330.89461839883
233785.7220156708
